43
1 2 3 4 5 6 7 8 10 11 12 13 14 15 16 17 18 19 20 21 22 23 24 25 26 27 28 30 31 32 33 34 35 36 38 39 40 41 43 44 45 47 48 49 53 55 58 59 60 61 62 63 66 68 69 70 71 72 74 75 76 79 80 81 82 85 88 89 92 94 95 101 102 103 104 106 107 108 110 111 117 118 119 120 122 125 129 130 134 139 143 145 147 149 151 154 157 158 163 164 167 168 169 171 177 183 185 186 189 203 204 216 217 218 220 229 232 233 236 237 238 245 256 263 265 267 268 275 277 280 324 335 348 356 366 405 420 453 496
9 37 42 50 52 56 57 65 67 73 83 87 90 91 96 97 98 100 105 112 114 116 124 126 128 131 133 135 137 142 150 153 155 156 165 170 172 173 174 180 181 182 184 190 194 199 202 206 207 208 221 223 224 226 235 244 249 250 269 272 279 286 290 293 309 317 320 363 385 392 413 414 442 445
29 51 54 86 93 113 115 127 132 136 138 140 141 144 148 152 159 161 162 166 188 193 195 196 197 200 201 205 211 212 213 219 222 230 231 241 243 251 253 257 258 260 264 273 294 295 298 303 322 326 337 338 340 345 349 371 438 464 471 476 536
46 64 109 123 146 160 175 176 178 179 187 191 198 215 225 248 254 259 261 276 281 283 284 288 299 300 305 308 315 319 321 323 332 339 341 344 350 351 352 360 362 364 373 380 383 384 395 404 423 452 457 473 501 503 542
77 84 209 214 234 240 247 255 266 270 278 285 287 289 296 301 302 306 312 316 325 327 329 347 354 355 365 369 379 381 390 406 422 429 440 459 461 519 532 566
78 99 192 262 282 297 311 313 314 328 334 336 342 346 358 370 372 377 378 382 386 400 403 411 415 417 418 424 433 435 437 446 449 465 468 482 511 517 577
121 210 227 274 331 333 343 359 368 374 376 389 394 408 410 412 416 426 454 456 477 488 489 490 495 505 512 513 541 634
228 239 242 271 353 391 421 436 466 479 485 491 504 507 516 535 569
246 252 291 292 307 310 330 357 397 428 431 448 470 475 487 492 502 521 526 563 584 629
304 318 361 367 375 387 396 399 407 419 430 432 434 444 455 462 478 480 486 494 508 523 531
388 393 398 402 427 439 443 451 458 460 463 472 474 497 509 510 518 520 525 528 543 544 547 554 564
401 425 441 447 493 498 500 514 533 534 537 538 539 540 545 556 559 572 576 606 649 662
409 450 481 483 527 530 548 549 550 553 557 561 562 568 575 587 599 602 626
467 484 499 506 515 522 524 555 560 565 573 580 592 593 596 601 610 613 614
469 529 546 558 574 578 581 591 609 615 618 621
551 552 570 571 585 586 594 598 605 627 628
567 579 600 623 631 655
582 583 597 604 608 644 659
588 589 590 611 625 633 636 642 666
595 603 612 617 619 630 639 650 651 654
607 616 620 622 632 635 637 638 641 645 646 647 653 671 672
624 640 643 652 656 657 658 667 693
648 661 663 681
660 670 676
664 665 668 673 677 678
669 675 683 695 696
674 679 684
680 682 685 687 690 703
686 689
688 692
691 694 698
697 699 704
700 701
702 705 706 707 713
708 709
710
711
712
714
715
716
717
718
